0.500000
0.514818
0.470661
0.543272
0.443660
0.568280
0.421146
0.587849
0.404914
0.600419
0.396257
0.604991
0.395863
0.601199
0.403765
0.589345
0.419333
0.570374
0.441327
0.545797
0.467995
0.517572
0.497212
0.487948
0.526651
0.459283
0.553968
0.433862
0.576985
0.413709
0.593870
0.400430
0.603277
0.395083
0.604457
0.398094
0.597316
0.409222
0.582423
0.427582
0.560964
0.451710
0.534649
0.479685
0.505574
0.509279
0.476055
0.538133
0.448443
0.563950
0.424938
0.584672
0.407413
0.598650
0.397263
0.604769
0.395297
0.602542
0.401671
0.592147
0.415879
0.574411
0.436787
0.550748
0.462731
0.523043
0.491644
0.493502
0.521223
0.464478
0.549110
0.438284
0.573086
0.417006
0.591240
0.402340
0.602125
0.395453
0.604876
0.396894
0.599272
0.406549
0.585760
0.423648
0.565416
0.446829
0.539862
0.474245
0.511132
0.503714
0.481515
0.532886
0.453371
0.559439
0.428941
0.581257
0.410172
0.596601
0.398558
0.604251
